Training mean_values:[[0.30834536 0.29716143 0.26178063]], std_values:[[0.12877709 0.12047772 0.10747423]] 
train_512
dice_metric: 0.126214, std: 0.254181 
jaccard_metric: 0.089148, std: 0.223593  
val_512
dice_metric: 0.129883, std: 0.252040 
jaccard_metric: 0.092586, std: 0.221869  
test_512
dice_metric: 0.133428, std: 0.262184 
jaccard_metric: 0.095353, std: 0.230172  
